<?xml version="1.0" encoding="UTF-8"?>
<map version="1.0" orientation="orthogonal" renderorder="right-down" width="1000" height="1000" tilewidth="1" tileheight="1" nextobjectid="31">
 <objectgroup name="SliceTrees0">
  <object id="2" name="Tree0_Slice0" x="2.28125" y="999.063">
   <polygon points="0,0 1.96875,-1.09375 3.3125,-2.9375 3.90625,-5.9375 3.9375,-9.03125 3.96875,-11.0625 3.15625,-13.375 1.0625,-16.4375 0.96875,-17.6563 1.59375,-16.4063 3.40625,-13.8438 4.5,-12.7813 5.1875,-13.8125 5.3125,-15 4.875,-16.125 3.78125,-18.0938 4.09375,-18.9063 4.21875,-18.0625 5.46875,-15.8438 5.8125,-13.4688 5.25,-12.4688 5.625,-11.25 6.90625,-11.5625 7.1875,-14.375 6.53125,-15.9688 7.1875,-15.4688 8,-13.5313 7.4375,-11.4063 6.40625,-10.9375 6.03125,-10.0625 7.5,-10.3125 8.5625,-12.5 9.9375,-12.625 8.53125,-11.0938 7.40625,-9.21875 6.28125,-9.09375 5.96875,-6.5 6,-4.375 6.21875,-2.15625 7,-0.9375 9.09375,0"/>
  </object>
  <object id="3" name="Tree0_Slice1" x="3.03125" y="998.938">
   <polygon points="0,0 2,-0.96875 3.09375,-3 3.53125,-7.0625 3.46875,-11.1875 3.25,-12.0938 3.90625,-12.2188 4.28125,-11.0313 4.4375,-10.7188 4.78125,-10.8438 4.59375,-10.125 4.84375,-9.46875 4.78125,-8.59375 4.59375,-6.96875 4.5,-5.09375 4.53125,-3.09375 5,-1.3125 5.96875,-0.53125 7.125,0.03125"/>
  </object>
  <object id="4" name="Tree0_Slice2" x="5.125" y="998.875">
   <polygon points="0,0 1.3125,-0.9375 1.90625,-3.9375 2.34375,-0.9375 4.03125,0.125"/>
  </object>
  <object id="5" name="Tree1_Slice0" x="19.0313" y="998.969">
   <polygon points="0,0 4.03125,-0.96875 5.96875,-2.375 6.96875,-4.28125 8,-9.5 8.03125,-16.9688 7.4375,-21.9688 4.40625,-25.75 0.71875,-27.4688 -2.53125,-27.5938 -4.84375,-30.9063 -3.4375,-30.1875 -2.1875,-28.2813 1.40625,-28.25 4.375,-26.9375 4.03125,-28.875 1.46875,-29.8438 1.21875,-32.6563 2.21875,-30.2813 4.53125,-29.6875 5.40625,-26.7813 6.25,-24.8438 7.5625,-23.25 7.3125,-25.875 8.71875,-29 7.15625,-31.2813 7.4375,-33.9375 7.96875,-31.25 9.59375,-29.3125 8.28125,-26 8.65625,-23.5625 9.1875,-20.4375 10.6563,-22 11.0625,-24.7188 11.4063,-21.875 10.2188,-20 10.9375,-19.4688 12.7813,-21.9688 17.9375,-25.8438 18.5,-28.5313 17.0313,-31.5625 16.0938,-32.1875 18.6563,-31.5938 19.1875,-29.0625 18.9375,-26 20.4063,-27.9375 20.5,-30.125 22.375,-31.8125 22.0625,-30.5625 21.0625,-29.5938 21.0938,-27.2813 19.4063,-25.375 16.7188,-23.4375 18.3125,-23.0625 20.5938,-23.2188 22.2188,-24.5625 23.4063,-24.9375 22.3125,-23.875 20.9688,-22.375 18.8125,-22.2813 17.2188,-22.5 17.9375,-21.5625 20.3125,-21.375 21.875,-20.0313 19.8125,-20.7188 17.3438,-20.7188 16.2813,-21.9688 14.1875,-20.6875 12.7188,-18.6563 12.8125,-10.0313 13.375,-5.03125 14.3125,-2.53125 16.6563,-1.15625 18.6875,-0.25 20.9063,-0.03125"/>
  </object>
  <object id="7" name="Tree1_Slice1" x="20.9063" y="998.906">
   <polygon points="0,0 2.5625,-0.65625 4.59375,-2.09375 5.625,-4.09375 6.46875,-9.1875 6.59375,-14.8125 6.5625,-17.8438 5.875,-22.2188 5.25,-23 6.03125,-22.5 5.875,-25.3438 7.09375,-20.0313 7.34375,-19.9375 8.84375,-21.5313 7.9375,-19.875 8.96875,-19 11.1875,-21.7188 16.4063,-25.6875 16.75,-26.9063 16.8125,-25.8125 17,-25.5938 17.3438,-25.8125 16.6875,-25.0313 14.3438,-23.25 15.3438,-23.0313 15.0938,-22.5625 15.5938,-21.5938 14.5625,-22.25 12.125,-20.875 10.5938,-18.8438 10.6875,-13.9375 10.7188,-11.3125 10.6875,-9.03125 11.2188,-4.65625 12.3125,-2.0625 15.6563,-0.3125 17.125,0.0625"/>
  </object>
  <object id="8" name="Tree1_Slice2" x="22.4375" y="998.938">
   <polygon points="0,0 1.65625,-0.53125 3.5625,-2 4.5625,-3.9375 5.46875,-9.03125 5.5,-18.0938 4.65625,-22.1563 5.46875,-19.6875 6,-19.7188 6.34375,-20.2188 6.1875,-19.6563 7.25,-18.7813 7.71875,-18.5313 10.0625,-21.7188 12.3438,-23.5625 12.5625,-22.9375 13.2813,-22.75 10.3125,-21 8.75,-18.9063 8.8125,-13.1563 8.8125,-8.9375 9.40625,-4.6875 10.375,-1.9375 13.1563,-0.65625 14.7188,0"/>
  </object>
  <object id="9" name="Tree1_Slice3" x="24.0313" y="998.844">
   <polygon points="0,0 2.96875,-1.78125 4.40625,-8.8125 4.46875,-16.9063 4.25,-19.0313 5.78125,-17.875 6.3125,-17.875 6.75,-18.4375 6.65625,-8.96875 7.3125,-4.46875 8.375,-1.40625 12.2813,0.125"/>
  </object>
  <object id="11" name="Tree1_Slice4" x="25.9688" y="998.906">
   <polygon points="0,0 2,-1.3125 3.09375,-9 3.1875,-14.75 3.03125,-17.4688 4,-17.25 4.28125,-17.375 4.1875,-13 4.125,-9.0625 4.75,-4.03125 5.65625,-1.0625 7.9375,-0.03125"/>
  </object>
  <object id="12" name="Tree1_Slice5" x="28.125" y="998.813">
   <polygon points="0,0 0.9375,-0.875 1.4375,-7.71875 2.25,-0.84375 3.53125,0.09375"/>
  </object>
 </objectgroup>
 <objectgroup name="SliceTrees1">
  <object id="13" name="Tree0_Slice0" x="49.8125" y="999">
   <polygon points="0,0 1.96875,-1.09375 3.3125,-2.9375 3.90625,-5.9375 3.9375,-9.03125 3.96875,-11.0625 3.15625,-13.375 1.0625,-16.4375 0.96875,-17.6563 1.59375,-16.4063 3.40625,-13.8438 4.5,-12.7813 5.1875,-13.8125 5.3125,-15 4.875,-16.125 3.78125,-18.0938 4.09375,-18.9063 4.21875,-18.0625 5.46875,-15.8438 5.8125,-13.4688 5.25,-12.4688 5.625,-11.25 6.90625,-11.5625 7.1875,-14.375 6.53125,-15.9688 7.1875,-15.4688 8,-13.5313 7.4375,-11.4063 6.40625,-10.9375 6.03125,-10.0625 7.5,-10.3125 8.5625,-12.5 9.9375,-12.625 8.53125,-11.0938 7.40625,-9.21875 6.28125,-9.09375 5.96875,-6.5 6,-4.375 6.21875,-2.15625 7,-0.9375 9.09375,0"/>
  </object>
  <object id="14" name="Tree0_Slice1" x="50.5625" y="998.875">
   <polygon points="0,0 2,-0.96875 3.09375,-3 3.53125,-7.0625 3.46875,-11.1875 3.25,-12.0938 3.90625,-12.2188 4.28125,-11.0313 4.4375,-10.7188 4.78125,-10.8438 4.59375,-10.125 4.84375,-9.46875 4.78125,-8.59375 4.59375,-6.96875 4.5,-5.09375 4.53125,-3.09375 5,-1.3125 5.96875,-0.53125 7.125,0.03125"/>
  </object>
  <object id="15" name="Tree0_Slice2" x="52.6563" y="998.812">
   <polygon points="0,0 1.3125,-0.9375 1.90625,-3.9375 2.34375,-0.9375 4.03125,0.125"/>
  </object>
  <object id="16" name="Tree1_Slice0" x="66.5626" y="998.906">
   <polygon points="0,0 4.03125,-0.96875 5.96875,-2.375 6.96875,-4.28125 8,-9.5 8.03125,-16.9688 7.4375,-21.9688 4.40625,-25.75 0.71875,-27.4688 -2.53125,-27.5938 -4.84375,-30.9063 -3.4375,-30.1875 -2.1875,-28.2813 1.40625,-28.25 4.375,-26.9375 4.03125,-28.875 1.46875,-29.8438 1.21875,-32.6563 2.21875,-30.2813 4.53125,-29.6875 5.40625,-26.7813 6.25,-24.8438 7.5625,-23.25 7.3125,-25.875 8.71875,-29 7.15625,-31.2813 7.4375,-33.9375 7.96875,-31.25 9.59375,-29.3125 8.28125,-26 8.65625,-23.5625 9.1875,-20.4375 10.6563,-22 11.0625,-24.7188 11.4063,-21.875 10.2188,-20 10.9375,-19.4688 12.7813,-21.9688 17.9375,-25.8438 18.5,-28.5313 17.0313,-31.5625 16.0938,-32.1875 18.6563,-31.5938 19.1875,-29.0625 18.9375,-26 20.4063,-27.9375 20.5,-30.125 22.375,-31.8125 22.0625,-30.5625 21.0625,-29.5938 21.0938,-27.2813 19.4063,-25.375 16.7188,-23.4375 18.3125,-23.0625 20.5938,-23.2188 22.2188,-24.5625 23.4063,-24.9375 22.3125,-23.875 20.9688,-22.375 18.8125,-22.2813 17.2188,-22.5 17.9375,-21.5625 20.3125,-21.375 21.875,-20.0313 19.8125,-20.7188 17.3438,-20.7188 16.2813,-21.9688 14.1875,-20.6875 12.7188,-18.6563 12.8125,-10.0313 13.375,-5.03125 14.3125,-2.53125 16.6563,-1.15625 18.6875,-0.25 20.9063,-0.03125"/>
  </object>
  <object id="17" name="Tree1_Slice1" x="68.4376" y="998.843">
   <polygon points="0,0 2.5625,-0.65625 4.59375,-2.09375 5.625,-4.09375 6.46875,-9.1875 6.59375,-14.8125 6.5625,-17.8438 5.875,-22.2188 5.25,-23 6.03125,-22.5 5.875,-25.3438 7.09375,-20.0313 7.34375,-19.9375 8.84375,-21.5313 7.9375,-19.875 8.96875,-19 11.1875,-21.7188 16.4063,-25.6875 16.75,-26.9063 16.8125,-25.8125 17,-25.5938 17.3438,-25.8125 16.6875,-25.0313 14.3438,-23.25 15.3438,-23.0313 15.0938,-22.5625 15.5938,-21.5938 14.5625,-22.25 12.125,-20.875 10.5938,-18.8438 10.6875,-13.9375 10.7188,-11.3125 10.6875,-9.03125 11.2188,-4.65625 12.3125,-2.0625 15.6563,-0.3125 17.125,0.0625"/>
  </object>
  <object id="18" name="Tree1_Slice2" x="69.9688" y="998.875">
   <polygon points="0,0 1.65625,-0.53125 3.5625,-2 4.5625,-3.9375 5.46875,-9.03125 5.5,-18.0938 4.65625,-22.1563 5.46875,-19.6875 6,-19.7188 6.34375,-20.2188 6.1875,-19.6563 7.25,-18.7813 7.71875,-18.5313 10.0625,-21.7188 12.3438,-23.5625 12.5625,-22.9375 13.2813,-22.75 10.3125,-21 8.75,-18.9063 8.8125,-13.1563 8.8125,-8.9375 9.40625,-4.6875 10.375,-1.9375 13.1563,-0.65625 14.7188,0"/>
  </object>
  <object id="19" name="Tree1_Slice3" x="71.5626" y="998.781">
   <polygon points="0,0 2.96875,-1.78125 4.40625,-8.8125 4.46875,-16.9063 4.25,-19.0313 5.78125,-17.875 6.3125,-17.875 6.75,-18.4375 6.65625,-8.96875 7.3125,-4.46875 8.375,-1.40625 12.2813,0.125"/>
  </object>
  <object id="20" name="Tree1_Slice4" x="73.5001" y="998.843">
   <polygon points="0,0 2,-1.3125 3.09375,-9 3.1875,-14.75 3.03125,-17.4688 4,-17.25 4.28125,-17.375 4.1875,-13 4.125,-9.0625 4.75,-4.03125 5.65625,-1.0625 7.9375,-0.03125"/>
  </object>
  <object id="21" name="Tree1_Slice5" x="75.6563" y="998.75">
   <polygon points="0,0 0.9375,-0.875 1.4375,-7.71875 2.25,-0.84375 3.53125,0.09375"/>
  </object>
 </objectgroup>
 <objectgroup name="SliceTrees5">
  <object id="22" name="Tree0_Slice0" x="99.7813" y="999.75">
   <polygon points="0,0 5.16501,-2.86945 8.69033,-7.70652 10.248,-15.577 10.33,-23.6934 10.412,-29.0224 8.28041,-35.0893 2.78746,-43.1237 2.54151,-46.3212 4.1812,-43.0419 8.93628,-36.3192 11.8057,-33.5317 13.6094,-36.237 13.9373,-39.3524 12.7895,-42.3039 9.92009,-47.469 10.7399,-49.6006 11.0679,-47.3869 14.3472,-41.5661 15.2491,-35.3353 13.7734,-32.7118 14.7572,-29.5143 18.1185,-30.3342 18.8564,-37.7128 17.1347,-41.8941 18.8564,-40.5823 20.988,-35.4993 19.5123,-29.9244 16.8068,-28.6945 15.823,-26.3989 19.6762,-27.0548 22.4637,-32.7937 26.071,-33.1216 22.3817,-29.1045 19.4303,-24.1854 16.4788,-23.8574 15.659,-17.0527 15.741,-11.4778 16.3149,-5.65691 18.3645,-2.45953 23.8574,0"/>
  </object>
  <object id="23" name="Tree0_Slice1" x="101.749" y="999.422">
   <polygon points="0,0 5.24699,-2.54151 8.11644,-7.87049 9.26422,-18.5284 9.10025,-29.3504 8.52636,-31.728 10.248,-32.056 11.2318,-28.9406 11.6418,-28.1207 12.5436,-28.4487 12.0517,-26.5629 12.7076,-24.8412 12.5436,-22.5457 12.0517,-18.2825 11.8057,-13.3634 11.8877,-8.11644 13.1175,-3.44334 15.659,-1.39373 18.6924,0.0819842"/>
  </object>
  <object id="24" name="Tree0_Slice2" x="107.242" y="999.257">
   <polygon points="0,0 3.44334,-2.45953 5.00104,-10.33 6.14882,-2.45953 10.576,0.327937"/>
  </object>
  <object id="25" name="Tree1_Slice0" x="143.725" y="999.503">
   <polygon points="0,0 10.576,-2.54151 15.659,-6.2308 18.2825,-11.2318 20.988,-24.9232 21.07,-44.5176 19.5123,-57.6351 11.5598,-67.555 1.88564,-72.0643 -6.64072,-72.3922 -12.7076,-81.0826 -9.01827,-79.1968 -5.7389,-74.1959 3.68929,-74.1138 11.4778,-70.6704 10.576,-75.7534 3.85326,-78.2951 3.19739,-85.6737 5.82088,-79.4429 11.8877,-77.885 14.1833,-70.2606 16.3968,-65.1776 19.8402,-60.9963 19.1843,-67.883 22.8736,-76.0814 18.7744,-82.0664 19.5123,-89.0349 20.906,-81.9842 25.1692,-76.9012 21.7258,-68.2109 22.7096,-61.8161 24.1034,-53.6177 27.9568,-57.7169 29.0224,-64.8497 29.9244,-57.389 26.809,-52.4699 28.6945,-51.0763 33.5317,-57.6351 47.059,-67.8011 48.5347,-74.8517 44.6815,-82.8041 42.222,-84.4438 48.9447,-82.8862 50.3383,-76.2453 49.6825,-68.2109 53.5358,-73.2939 53.7817,-79.0328 58.7007,-83.46 57.8809,-80.1806 55.2574,-77.6392 55.3395,-71.5724 50.9123,-66.5712 43.8617,-61.4882 48.0428,-60.5044 54.0277,-60.9144 58.2909,-64.4396 61.4063,-65.4234 58.5368,-62.636 55.0116,-58.7007 49.3545,-58.4549 45.1735,-59.0287 47.059,-56.5691 53.2898,-56.0772 57.389,-52.552 51.978,-54.3557 45.5014,-54.3557 42.7139,-57.6351 37.2208,-54.2736 33.3677,-48.9447 33.6135,-26.3171 35.0893,-13.1995 37.5488,-6.64072 43.6977,-3.03342 49.0266,-0.655874 54.8476,-0.0819842"/>
  </object>
  <object id="26" name="Tree1_Slice1" x="148.644" y="999.338">
   <polygon points="0,0 6.72271,-1.72167 12.0517,-5.49294 14.7572,-10.7399 16.9707,-24.1034 17.2987,-38.8605 17.2167,-46.8131 15.413,-58.2909 13.7734,-60.3404 15.823,-59.0287 15.413,-66.4894 18.6104,-52.552 19.2663,-52.3059 23.2015,-56.4873 20.824,-52.142 23.5295,-49.8464 29.3504,-56.9792 43.0419,-67.3911 43.9436,-70.5886 44.1075,-67.719 44.5994,-67.1452 45.5014,-67.719 43.7796,-65.6695 37.6309,-60.9963 40.2544,-60.4225 39.5985,-59.1926 40.9103,-56.6512 38.2047,-58.3728 31.8099,-54.7655 27.7928,-49.4366 28.0386,-36.565 28.1207,-29.6783 28.0386,-23.6934 29.4325,-12.2157 32.3018,-5.41096 41.0742,-0.819842 44.9274,0.163968"/>
  </object>
  <object id="27" name="Tree1_Slice2" x="152.661" y="999.422">
   <polygon points="0,0 4.34517,-1.39373 9.3462,-5.24699 11.9697,-10.33 14.3472,-23.6934 14.4292,-47.469 12.2157,-58.127 14.3472,-51.6501 15.741,-51.7322 16.6428,-53.0439 16.2329,-51.5682 19.0203,-49.2727 20.2501,-48.6168 26.3989,-56.9792 32.3839,-61.8161 32.9577,-60.1764 34.8434,-59.6845 27.0548,-55.0934 22.9556,-49.6006 23.1196,-34.5155 23.1196,-23.4475 24.6773,-12.2976 27.2188,-5.08302 34.5155,-1.72167 38.6147,0"/>
  </object>
  <object id="28" name="Tree1_Slice3" x="156.842" y="999.175">
   <polygon points="0,0 7.7885,-4.6731 11.5598,-23.1196 11.7237,-44.3536 11.1499,-49.9285 15.1671,-46.895 16.5608,-46.895 17.7086,-48.3707 17.4626,-23.5295 19.1843,-11.7237 21.9718,-3.68929 32.2199,0.327937"/>
  </object>
  <object id="29" name="Tree1_Slice4" x="161.925" y="999.338">
   <polygon points="0,0 5.24699,-3.44334 8.11644,-23.6115 8.36239,-38.6966 7.95247,-45.8293 10.494,-45.2553 11.2318,-45.5832 10.9859,-34.1054 10.8219,-23.7754 12.4616,-10.576 14.8391,-2.78746 20.824,-0.0819842"/>
  </object>
  <object id="30" name="Tree1_Slice5" x="167.582" y="999.094">
   <polygon points="0,0 2.45953,-2.29556 3.77128,-20.2501 5.90287,-2.21357 9.26422,0.245953"/>
  </object>
 </objectgroup>
</map>
