<?xml version="1.0" encoding="UTF-8"?>
<map version="1.0" orientation="orthogonal" renderorder="right-down" width="350" height="100" tilewidth="1" tileheight="1" nextobjectid="75">
 <objectgroup name="SliceTrees0">
  <object id="1" name="Tree1_Slice5" x="171.338" y="98.9096">
   <polygon points="0,0 2.63345,-2.45789 4.03796,-21.6821 6.32028,-2.37011 9.91934,0.263345"/>
  </object>
  <object id="2" name="Tree1_Slice2" x="155.362" y="99.2467">
   <polygon points="0,0 4.65243,-1.49229 10.0071,-5.61803 12.8161,-11.0605 15.3618,-25.3689 15.4496,-50.8258 13.0795,-62.2374 15.3618,-55.3025 16.8541,-55.3904 17.8197,-56.7949 17.3808,-55.2148 20.3654,-52.757 21.6821,-52.0547 28.2657,-61.0084 34.6739,-66.1874 35.2883,-64.4318 37.3074,-63.9051 28.968,-58.9893 24.5789,-53.1081 24.7544,-36.9562 24.7544,-25.1056 26.4223,-13.1673 29.1435,-5.44247 36.9562,-1.84342 41.3453,0"/>
  </object>
  <object id="3" name="Tree1_Slice4" x="165.281" y="99.1624">
   <polygon points="0,0 5.61803,-3.68683 8.69039,-25.2811 8.95374,-41.433 8.51483,-49.0701 11.2361,-48.4555 12.0261,-48.8066 11.7628,-36.5172 11.5872,-25.4567 13.3428,-11.3238 15.8885,-2.98458 22.2966,-0.0877817"/>
  </object>
  <object id="4" name="Tree1_Slice1" x="151.061" y="99.1624">
   <polygon points="0,0 7.1981,-1.84342 12.9039,-5.88138 15.8007,-11.4994 18.1708,-25.8078 18.5219,-41.6085 18.4342,-50.1235 16.503,-62.4129 14.7473,-64.6074 16.9419,-63.2028 24.3726,-76.2628 19.9265,-56.2682 20.6287,-56.0047 24.8422,-60.4817 22.2966,-55.8292 25.1934,-53.3713 33.5245,-62.9321 44.7954,-70.6821 36.5447,-82.0314 47.2266,-72.5077 47.7533,-71.8934 48.719,-72.5077 46.8754,-70.3133 40.292,-65.3096 43.101,-64.6953 42.3987,-63.3784 43.8032,-60.6573 40.9063,-62.5006 34.0593,-58.6382 29.7581,-52.9325 30.0214,-39.1506 30.1093,-31.777 30.0214,-25.3689 31.5138,-13.0795 34.586,-5.79359 43.9788,-0.877817 48.1044,0.175563"/>
  </object>
  <object id="5" name="Tree1_Slice3" x="159.839" y="98.9939">
   <polygon points="0,0 8.33926,-5.00356 12.3772,-24.7544 12.5528,-47.4901 11.9383,-53.4592 16.2396,-50.2111 17.7319,-50.2111 18.9609,-51.7912 18.6975,-25.1934 20.5409,-12.5528 23.5255,-3.95018 34.4984,0.351127"/>
  </object>
  <object id="6" name="Tree1_Slice0" x="145.794" y="99.331">
   <polygon points="0,0 11.3238,-2.72123 16.7663,-6.67141 19.5753,-12.0261 22.4721,-26.6856 22.5599,-47.6656 20.8921,-61.7107 12.3772,-72.3321 2.01898,-77.1603 -7.11032,-77.5114 -13.6062,-86.8163 -9.65599,-84.7971 -6.14472,-79.4426 3.95018,-79.3547 12.2894,-75.6678 11.3238,-81.1103 4.12574,-83.8317 3.42349,-91.732 6.2325,-85.0606 12.7284,-83.3926 15.1862,-75.2291 17.5563,-69.7866 21.2432,-65.3096 20.5409,-72.6833 24.4911,-81.4614 20.102,-87.8696 20.8921,-95.331 22.3843,-87.7817 26.949,-82.3393 23.2622,-73.0344 24.3155,-66.1874 25.8078,-57.4092 29.9337,-61.7983 31.0747,-69.4355 32.0405,-61.4472 28.7048,-56.1803 30.7236,-54.6882 35.9029,-61.7107 50.3867,-72.5956 51.9668,-80.1449 47.8412,-88.6595 45.2077,-90.4152 52.4058,-88.7475 53.898,-81.637 53.1957,-73.0344 57.3216,-78.4769 57.5848,-84.6216 62.8517,-89.3618 61.9739,-85.8505 59.1649,-83.1294 59.2528,-76.6336 54.5126,-71.2788 46.9634,-65.8363 51.4401,-64.7829 57.8483,-65.222 62.4129,-68.9964 65.7487,-70.0498 62.6762,-67.0652 58.9017,-62.8517 52.8446,-62.5885 48.3679,-63.2028 50.3867,-60.5694 57.0581,-60.0427 61.4472,-56.2682 55.6536,-58.1994 48.719,-58.1994 45.7344,-61.7107 39.8529,-58.1115 35.7273,-52.4058 35.9905,-28.1781 37.5706,-14.1329 40.204,-7.11032 46.7878,-3.24792 52.4935,-0.702254 58.7261,-0.0877817"/>
  </object>
 </objectgroup>
 <objectgroup name="SliceTrees1">
  <object id="7" name="Tree0_Slice1" x="315.279" y="99.0752">
   <polygon points="0,0 6.07625,-2.94319 9.39921,-9.11438 10.7284,-21.4568 10.5385,-33.9891 9.87391,-36.7425 11.8677,-37.1223 13.007,-33.5145 13.4817,-32.5651 14.526,-32.9448 13.9564,-30.761 14.7159,-28.7673 14.526,-26.1089 13.9564,-21.172 13.6716,-15.4755 13.7665,-9.39921 15.1906,-3.98754 18.1338,-1.61401 21.6467,0.0949415"/>
  </object>
  <object id="8" name="Tree0_Slice0" x="313" y="99.4397">
   <polygon points="0,0 5.98131,-3.32295 10.0638,-8.9245 11.8677,-18.0389 11.9626,-27.4381 12.0576,-33.6093 9.58909,-40.635 3.22801,-49.9392 2.94319,-53.6421 4.84202,-49.8444 10.3486,-42.0592 13.6716,-38.8312 15.7603,-41.9641 16.1401,-45.5719 14.8109,-48.9898 11.4879,-54.9713 12.4373,-57.4397 12.8171,-54.8762 16.6148,-48.1355 17.6591,-40.9199 15.9502,-37.8818 17.0895,-34.1789 20.9821,-35.1283 21.8365,-43.6731 19.8428,-48.5152 21.8365,-46.9962 24.305,-41.1098 22.5961,-34.6538 19.463,-33.2295 18.3237,-30.5712 22.786,-31.3307 26.014,-37.9766 30.1914,-38.3564 25.919,-33.7044 22.5011,-28.0077 19.0832,-27.628 18.1338,-19.7478 18.2288,-13.2918 18.8934,-6.55096 21.2669,-2.84824 27.628,0"/>
  </object>
  <object id="9" name="Tree0_Slice2" x="321.64" y="98.8625">
   <polygon points="0,0 3.98754,-2.84824 5.79143,-11.9626 7.12061,-2.84824 12.2475,0.379766"/>
  </object>
 </objectgroup>
 <objectgroup name="SliceTrees2">
  <object id="10" name="Tree2_Slice4" x="220" y="99">
   <polygon points="0,0 1,-1 2,-2 2,-3 3,-6 4,-8 4,-10 5,-12 5,-14 6,-15 7,-13 8,-11 7,-9 7,-7 8,-5 8,-4 9,-3 9,-1 10,0"/>
  </object>
  <object id="11" name="Tree2_Slice3" x="219" y="99">
   <polygon points="0,0 2,-2 2,-4 4,-8 4,-11 5,-12 5,-15 7,-17 9,-15 10,-13 10,-10 9,-8 10,-5 11,-4 11,-2 12,0"/>
  </object>
  <object id="12" name="Tree2_Slice2" x="218" y="99">
   <polygon points="0,0 1,-2 2,-5 4,-8 4,-11 5,-13 5,-16 9,-19 11,-18 12,-15 13,-12 12,-9 12,-7 13,-4 14,-2 15,0"/>
  </object>
  <object id="13" name="Tree2_Slice1" x="217" y="99">
   <polygon points="0,0 1,-3 2,-6 4,-9 4,-12 5,-14 6,-18 10,-21 13,-20 14,-18 14,-15 15,-13 15,-11 14,-7 15,-5 16,-3 18,-1 19,0"/>
  </object>
  <object id="14" name="Tree2_Slice0" x="215" y="99">
   <polygon points="0,0 3,-7 5,-10 5,-14 7,-17 8,-20 11,-23 13,-23 15,-22 16,-21 17,-20 17,-18 17,-16 18,-15 18,-13 18,-10 19,-7 19,-5 20,-3 22,-2 23,0"/>
  </object>
 </objectgroup>
 <objectgroup name="SliceTrees3">
  <object id="17" name="Tree3_Slice0" x="244" y="99">
   <polygon points="0,0 12,-3 24,-7 25,-13 26,-25 28,-44 28,-57 21,-63 8,-67 -3,-63 -14,-58 -5,-65 4,-69 15,-69 22,-66 30,-64 26,-70 20,-74 16,-73 11,-71 7,-72 11,-73 17,-75 14,-76 7,-76 0,-74 -7,-80 -11,-80 -14,-79 -16,-77 -16,-79 -13,-82 -8,-84 -5,-84 -3,-82 0,-82 3,-84 2,-88 -1,-89 -6,-91 -8,-93 -8,-98 -5,-93 0,-91 4,-89 6,-84 3,-81 0,-78 2,-77 7,-79 12,-80 15,-79 19,-78 23,-77 28,-74 31,-72 34,-70 37,-69 43,-67 46,-67 49,-68 51,-64 52,-60 54,-57 57,-54 60,-50 65,-39 66,-30 63,-34 60,-44 53,-52 49,-58 48,-63 44,-61 43,-58 42,-54 42,-50 42,-44 43,-39 43,-33 44,-27 45,-20 45,-13 47,-9 48,-5 51,-3 57,-2 64,0"/>
  </object>
  <object id="18" name="Tree3_Slice1" x="251" y="98">
   <polygon points="-1,1 18,-5 20,-18 21,-30 23,-45 23,-54 23,-58 20,-60 16,-62 12,-64 8,-66 4,-66 6,-67 9,-67 12,-65 17,-63 21,-62 24,-62 24,-66 22,-68 19,-71 15,-73 14,-74 9,-73 12,-75 8,-75 3,-76 0,-76 -4,-75 -7,-74 -7,-75 -2,-76 2,-78 6,-78 17,-74 27,-67 33,-65 37,-64 43,-64 44,-59 47,-54 53,-49 53,-47 49,-49 45,-55 42,-60 41,-63 37,-62 35,-58 34,-50 34,-42 35,-36 35,-28 37,-21 37,-12 40,-7 40,-3 42,-1 48,0 50,1"/>
  </object>
  <object id="19" name="Tree3_Slice2" x="258" y="99">
   <polygon points="0,0 14,-5 17,-40 17,-61 15,-61 20,-63 18,-68 23,-65 30,-64 26,-59 25,-50 26,-42 26,-34 27,-25 28,-19 29,-12 31,-7 31,-3 36,0"/>
  </object>
  <object id="20" name="Tree3_Slice3" x="267" y="99">
   <polygon points="0,0 7,-4 9,-18 10,-36 10,-51 12,-56 14,-54 15,-48 15,-42 15,-34 16,-27 18,-18 18,-12 19,-7 22,0 22,0"/>
  </object>
  <object id="21" name="Tree3_Slice4" x="274" y="99">
   <polygon points="0,0 3,-7 4,-20 4,-28 4,-36 5,-51 6,-46 7,-36 7,-29 9,-19 9,-12 10,-4 12,0"/>
  </object>
  <object id="22" name="Tree3_Slice5" x="278" y="99">
   <polygon points="0,0 1,-11 1,-27 2,-22 3,-12 4,-6 6,0"/>
  </object>
 </objectgroup>
 <objectgroup name="SliceTrees4">
  <object id="23" name="Tree4_Slice0" x="12" y="99">
   <polygon points="0,0 8,-2 16,-4 19,-12 19,-20 19,-29 18,-35 18,-42 17,-47 17,-55 18,-62 14,-68 -1,-75 -12,-76 -1,-77 16,-72 21,-68 15,-79 10,-84 7,-91 2,-94 -4,-97 4,-96 10,-93 14,-86 16,-82 21,-78 26,-71 32,-85 37,-89 42,-94 45,-97 52,-99 46,-95 35,-84 30,-69 36,-76 43,-77 47,-77 40,-74 35,-71 31,-63 30,-56 28,-49 28,-44 28,-37 29,-31 30,-20 31,-15 33,-10 35,-7 37,-4 42,-2 48,0"/>
  </object>
  <object id="24" name="Tree4_Slice1" x="21" y="99">
   <polygon points="0,0 9,-3 12,-13 11,-31 10,-36 10,-44 9,-50 10,-58 11,-63 6,-69 -1,-72 8,-70 12,-66 14,-68 7,-80 12,-76 15,-71 18,-70 20,-73 22,-81 22,-76 21,-72 20,-67 22,-68 24,-72 23,-68 21,-62 19,-54 17,-43 18,-32 20,-19 22,-13 24,-7 27,-2 31,0"/>
  </object>
  <object id="25" name="Tree4_Slice2" x="28" y="99">
   <polygon points="0,0 5,-3 7,-16 6,-24 5,-34 4,-42 4,-48 4,-54 6,-62 9,-66 12,-66 13,-63 10,-54 8,-42 10,-32 12,-21 14,-11 17,-4 19,0"/>
  </object>
  <object id="26" name="Tree4_Slice3" x="34" y="99">
   <polygon points="0,0 2,-7 3,-15 2,-26 0,-40 3,-30 5,-16 6,-10 9,-4 11,0"/>
  </object>
  <object id="27" name="Tree4_Slice4" x="37" y="99">
   <polygon points="0,0 0,-6 1,-9 2,-7 3,-4 4,-2 5,0"/>
  </object>
 </objectgroup>
 <objectgroup name="SliceTrees5">
  <object id="28" name="Tree5_Slice3" x="98" y="99">
   <polygon points="0,0 5,-9 3,-31 3,-65 5,-64 6,-57 8,-51 11,-52 8,-41 7,-28 8,-9 16,0"/>
  </object>
  <object id="29" name="Tree5_Slice4" x="101" y="99">
   <polygon points="0,0 3,-8 1,-30 4,-7 10,0"/>
  </object>
  <object id="30" name="Tree5_Slice1" x="85" y="99">
   <polygon points="0,0 10,-3 14,-9 13,-26 14,-39 14,-58 13,-65 13,-67 5,-68 3,-68 -2,-65 2,-69 14,-70 18,-76 18,-78 12,-82 19,-78 20,-75 21,-66 22,-57 23,-54 35,-63 31,-57 26,-50 23,-38 23,-21 23,-10 30,-4 37,0"/>
  </object>
  <object id="31" name="Tree5_Slice2" x="93" y="99">
   <polygon points="0,0 5,-4 8,-9 7,-27 7,-56 6,-68 10,-73 12,-58 14,-52 19,-55 17,-49 13,-37 14,-10 25,0"/>
  </object>
  <object id="32" name="Tree5_Slice0" x="80" y="99">
   <polygon points="0,0 7,-2 13,-4 17,-9 17,-23 18,-39 18,-50 17,-65 8,-67 0,-62 -10,-51 -4,-63 6,-70 18,-71 22,-77 17,-80 12,-85 -4,-95 13,-88 20,-82 26,-77 26,-72 29,-56 37,-62 42,-66 46,-67 50,-68 65,-70 58,-66 51,-65 47,-64 42,-62 38,-58 33,-52 31,-49 29,-34 29,-14 30,-11 33,-7 38,-3 43,-1 45,0"/>
  </object>
 </objectgroup>
 <objectgroup name="SliceTrees6">
  <object id="38" name="Tree6_Slice1" x="283" y="98">
   <polygon points="0,0 7.1981,-1.84342 12.9039,-5.88138 15.8007,-11.4994 18.1708,-25.8078 18.5219,-41.6085 18.4342,-50.1235 16.503,-62.4129 14.7473,-64.6074 16.9419,-63.2028 24.3726,-76.2628 19.9265,-56.2682 20.6287,-56.0047 24.8422,-60.4817 22.2966,-55.8292 25.1934,-53.3713 33.5245,-62.9321 44.7954,-70.6821 36.5447,-82.0314 47.2266,-72.5077 47.7533,-71.8934 48.719,-72.5077 46.8754,-70.3133 40.292,-65.3096 43.101,-64.6953 42.3987,-63.3784 43.8032,-60.6573 40.9063,-62.5006 34.0593,-58.6382 29.7581,-52.9325 30.0214,-39.1506 30.1093,-31.777 30.0214,-25.3689 31.5138,-13.0795 34.586,-5.79359 43.9788,-0.877817 48.1044,0.175563"/>
  </object>
  <object id="39" name="Tree6_Slice4" x="298" y="99">
   <polygon points="0,0 5.61803,-3.68683 8.69039,-25.2811 8.95374,-41.433 8.51483,-49.0701 11.2361,-48.4555 12.0261,-48.8066 11.7628,-36.5172 11.5872,-25.4567 13.3428,-11.3238 15.8885,-2.98458 22.2966,-0.0877817"/>
  </object>
  <object id="40" name="Tree6_Slice3" x="293" y="99">
   <polygon points="0,0 8.33926,-5.00356 12.3772,-24.7544 12.5528,-47.4901 11.9383,-53.4592 16.2396,-50.2111 17.7319,-50.2111 18.9609,-51.7912 18.6975,-25.1934 20.5409,-12.5528 23.5255,-3.95018 34.4984,0.351127"/>
  </object>
  <object id="41" name="Tree6_Slice5" x="304" y="99">
   <polygon points="0,0 2.63345,-2.45789 4.03796,-21.6821 6.32028,-2.37011 9.91934,0.263345"/>
  </object>
  <object id="42" name="Tree6_Slice0" x="278" y="99">
   <polygon points="0,0 11.3238,-2.72123 16.7663,-6.67141 19.5753,-12.0261 22.4721,-26.6856 22.5599,-47.6656 20.8921,-61.7107 12.3772,-72.3321 2.01898,-77.1603 -7.11032,-77.5114 -13.6062,-86.8163 -9.65599,-84.7971 -6.14472,-79.4426 3.95018,-79.3547 12.2894,-75.6678 11.3238,-81.1103 4.12574,-83.8317 3.42349,-91.732 6.2325,-85.0606 12.7284,-83.3926 15.1862,-75.2291 17.5563,-69.7866 21.2432,-65.3096 20.5409,-72.6833 24.4911,-81.4614 20.102,-87.8696 20.8921,-95.331 22.3843,-87.7817 26.949,-82.3393 23.2622,-73.0344 24.3155,-66.1874 25.8078,-57.4092 29.9337,-61.7983 31.0747,-69.4355 32.0405,-61.4472 28.7048,-56.1803 30.7236,-54.6882 35.9029,-61.7107 50.3867,-72.5956 51.9668,-80.1449 47.8412,-88.6595 45.2077,-90.4152 52.4058,-88.7475 53.898,-81.637 53.1957,-73.0344 57.3216,-78.4769 57.5848,-84.6216 62.8517,-89.3618 61.9739,-85.8505 59.1649,-83.1294 59.2528,-76.6336 54.5126,-71.2788 46.9634,-65.8363 51.4401,-64.7829 57.8483,-65.222 62.4129,-68.9964 65.7487,-70.0498 62.6762,-67.0652 58.9017,-62.8517 52.8446,-62.5885 48.3679,-63.2028 50.3867,-60.5694 57.0581,-60.0427 61.4472,-56.2682 55.6536,-58.1994 48.719,-58.1994 45.7344,-61.7107 39.8529,-58.1115 35.7273,-52.4058 35.9905,-28.1781 37.5706,-14.1329 40.204,-7.11032 46.7878,-3.24792 52.4935,-0.702254 58.7261,-0.0877817"/>
  </object>
  <object id="43" name="Tree6_Slice2" x="288" y="99">
   <polygon points="0,0 4.65243,-1.49229 10.0071,-5.61803 12.8161,-11.0605 15.3618,-25.3689 15.4496,-50.8258 13.0795,-62.2374 15.3618,-55.3025 16.8541,-55.3904 17.8197,-56.7949 17.3808,-55.2148 20.3654,-52.757 21.6821,-52.0547 28.2657,-61.0084 34.6739,-66.1874 35.2883,-64.4318 37.3074,-63.9051 28.968,-58.9893 24.5789,-53.1081 24.7544,-36.9562 24.7544,-25.1056 26.4223,-13.1673 29.1435,-5.44247 36.9562,-1.84342 41.3453,0"/>
  </object>
 </objectgroup>
 <objectgroup name="SliceTrees7">
  <object id="49" name="Tree7_Slice0" x="182" y="99">
   <polygon points="0,0 8,-2 16,-4 19,-12 19,-20 19,-29 18,-35 18,-42 17,-47 17,-55 18,-62 14,-68 -1,-75 -12,-76 -1,-77 16,-72 21,-68 15,-79 10,-84 7,-91 2,-94 -4,-97 4,-96 10,-93 14,-86 16,-82 21,-78 26,-71 32,-85 37,-89 42,-94 45,-97 52,-99 46,-95 35,-84 30,-69 36,-76 43,-77 47,-77 40,-74 35,-71 31,-63 30,-56 28,-49 28,-44 28,-37 29,-31 30,-20 31,-15 33,-10 35,-7 37,-4 42,-2 48,0"/>
  </object>
  <object id="50" name="Tree7_Slice2" x="198" y="99">
   <polygon points="0,0 5,-3 7,-16 6,-24 5,-34 4,-42 4,-48 4,-54 6,-62 9,-66 12,-66 13,-63 10,-54 8,-42 10,-32 12,-21 14,-11 17,-4 19,0"/>
  </object>
  <object id="51" name="Tree7_Slice3" x="204" y="99">
   <polygon points="0,0 2,-7 3,-15 2,-26 0,-40 3,-30 5,-16 6,-10 9,-4 11,0"/>
  </object>
  <object id="52" name="Tree7_Slice4" x="206" y="99">
   <polygon points="0,0 0,-6 1,-9 2,-7 3,-4 4,-2 5,0"/>
  </object>
  <object id="53" name="Tree7_Slice1" x="191" y="99">
   <polygon points="0,0 9,-3 12,-13 11,-31 10,-36 10,-44 9,-50 10,-58 11,-63 6,-69 -1,-72 8,-70 12,-66 14,-68 7,-80 12,-76 15,-71 18,-70 20,-73 22,-81 22,-76 21,-72 20,-67 22,-68 24,-72 23,-68 21,-62 19,-54 17,-43 18,-32 20,-19 22,-13 24,-7 27,-2 31,0"/>
  </object>
 </objectgroup>
 <objectgroup name="SliceTrees8">
  <object id="54" name="Tree8_Slice3" x="113" y="99">
   <polygon points="0,0 2,-2 2,-4 4,-8 4,-11 5,-12 5,-15 7,-17 9,-15 10,-13 10,-10 9,-8 10,-5 11,-4 11,-2 12,0"/>
  </object>
  <object id="55" name="Tree8_Slice1" x="111" y="99">
   <polygon points="0,0 1,-3 2,-6 4,-9 4,-12 5,-14 6,-18 10,-21 13,-20 14,-18 14,-15 15,-13 15,-11 14,-7 15,-5 16,-3 18,-1 19,0"/>
  </object>
  <object id="56" name="Tree8_Slice0" x="109" y="99">
   <polygon points="0,0 3,-7 5,-10 5,-14 7,-17 8,-20 11,-23 13,-23 15,-22 16,-21 17,-20 17,-18 17,-16 18,-15 18,-13 18,-10 19,-7 19,-5 20,-3 22,-2 23,0"/>
  </object>
  <object id="57" name="Tree8_Slice2" x="112" y="99">
   <polygon points="0,0 1,-2 2,-5 4,-8 4,-11 5,-13 5,-16 9,-19 11,-18 12,-15 13,-12 12,-9 12,-7 13,-4 14,-2 15,0"/>
  </object>
  <object id="58" name="Tree8_Slice4" x="114" y="99">
   <polygon points="0,0 1,-1 2,-2 2,-3 3,-6 4,-8 4,-10 5,-12 5,-14 6,-15 7,-13 8,-11 7,-9 7,-7 8,-5 8,-4 9,-3 9,-1 10,0"/>
  </object>
 </objectgroup>
 <objectgroup name="SliceTrees9">
  <object id="59" name="Tree9_Slice1" x="115" y="98">
   <polygon points="-1,1 18,-5 20,-18 21,-30 23,-45 23,-54 23,-58 20,-60 16,-62 12,-64 8,-66 4,-66 6,-67 9,-67 12,-65 17,-63 21,-62 24,-62 24,-66 22,-68 19,-71 15,-73 14,-74 9,-73 12,-75 8,-75 3,-76 0,-76 -4,-75 -7,-74 -7,-75 -2,-76 2,-78 6,-78 17,-74 27,-67 33,-65 37,-64 43,-64 44,-59 47,-54 53,-49 53,-47 49,-49 45,-55 42,-60 41,-63 37,-62 35,-58 34,-50 34,-42 35,-36 35,-28 37,-21 37,-12 40,-7 40,-3 42,-1 48,0 50,1"/>
  </object>
  <object id="60" name="Tree9_Slice5" x="140" y="99">
   <polygon points="0,0 1,-11 1,-27 2,-22 3,-12 4,-6 6,0"/>
  </object>
  <object id="61" name="Tree9_Slice4" x="137" y="99">
   <polygon points="0,0 3,-7 4,-20 4,-28 4,-36 5,-51 6,-46 7,-36 7,-29 9,-19 9,-12 10,-4 12,0"/>
  </object>
  <object id="62" name="Tree9_Slice0" x="108" y="99">
   <polygon points="0,0 12,-3 24,-7 25,-13 26,-25 28,-44 28,-57 21,-63 8,-67 -3,-63 -14,-58 -5,-65 4,-69 15,-69 22,-66 30,-64 26,-70 20,-74 16,-73 11,-71 7,-72 11,-73 17,-75 14,-76 7,-76 0,-74 -7,-80 -11,-80 -14,-79 -16,-77 -16,-79 -13,-82 -8,-84 -5,-84 -3,-82 0,-82 3,-84 2,-88 -1,-89 -6,-91 -8,-93 -8,-98 -5,-93 0,-91 4,-89 6,-84 3,-81 0,-78 2,-77 7,-79 12,-80 15,-79 19,-78 23,-77 28,-74 31,-72 34,-70 37,-69 43,-67 46,-67 49,-68 51,-64 52,-60 54,-57 57,-54 60,-50 65,-39 66,-30 63,-34 60,-44 53,-52 49,-58 48,-63 44,-61 43,-58 42,-54 42,-50 42,-44 43,-39 43,-33 44,-27 45,-20 45,-13 47,-9 48,-5 51,-3 57,-2 64,0"/>
  </object>
  <object id="63" name="Tree9_Slice2" x="121" y="99">
   <polygon points="0,0 14,-5 17,-40 17,-61 15,-61 20,-63 18,-68 23,-65 30,-64 26,-59 25,-50 26,-42 26,-34 27,-25 28,-19 29,-12 31,-7 31,-3 36,0"/>
  </object>
  <object id="64" name="Tree9_Slice3" x="130" y="99">
   <polygon points="0,0 7,-4 9,-18 10,-36 10,-51 12,-56 14,-54 15,-48 15,-42 15,-34 16,-27 18,-18 18,-12 19,-7 22,0 22,0"/>
  </object>
 </objectgroup>
 <objectgroup name="SliceTrees10">
  <object id="71" name="Tree10_Slice2" x="241" y="99">
   <polygon points="0,0 3.98754,-2.84824 5.79143,-11.9626 7.12061,-2.84824 12.2475,0.379766"/>
  </object>
  <object id="72" name="Tree10_Slice0" x="232" y="99">
   <polygon points="0,0 5.98131,-3.32295 10.0638,-8.9245 11.8677,-18.0389 11.9626,-27.4381 12.0576,-33.6093 9.58909,-40.635 3.22801,-49.9392 2.94319,-53.6421 4.84202,-49.8444 10.3486,-42.0592 13.6716,-38.8312 15.7603,-41.9641 16.1401,-45.5719 14.8109,-48.9898 11.4879,-54.9713 12.4373,-57.4397 12.8171,-54.8762 16.6148,-48.1355 17.6591,-40.9199 15.9502,-37.8818 17.0895,-34.1789 20.9821,-35.1283 21.8365,-43.6731 19.8428,-48.5152 21.8365,-46.9962 24.305,-41.1098 22.5961,-34.6538 19.463,-33.2295 18.3237,-30.5712 22.786,-31.3307 26.014,-37.9766 30.1914,-38.3564 25.919,-33.7044 22.5011,-28.0077 19.0832,-27.628 18.1338,-19.7478 18.2288,-13.2918 18.8934,-6.55096 21.2669,-2.84824 27.628,0"/>
  </object>
  <object id="73" name="Tree10_Slice1" x="235" y="99">
   <polygon points="0,0 6.07625,-2.94319 9.39921,-9.11438 10.7284,-21.4568 10.5385,-33.9891 9.87391,-36.7425 11.8677,-37.1223 13.007,-33.5145 13.4817,-32.5651 14.526,-32.9448 13.9564,-30.761 14.7159,-28.7673 14.526,-26.1089 13.9564,-21.172 13.6716,-15.4755 13.7665,-9.39921 15.1906,-3.98754 18.1338,-1.61401 21.6467,0.0949415"/>
  </object>
 </objectgroup>
</map>
